Training information

epoch, accuracy, prec. label 0,prec. label 1,prec. label 2,prec. label 3,prec. label 4,prec. label 5,prec. label 6,prec. label 7,prec. label 8,prec. label 9
0, 0.6942666666666667, 1.0,1.0,1.0,1.0,1.0,1.0,1.0,1.0,1.0,1.0
1, 0.7256833333333333, 1.0,1.0,1.0,1.0,1.0,1.0,1.0,1.0,1.0,1.0
2, 0.7299166666666667, 1.0,1.0,1.0,1.0,1.0,1.0,1.0,1.0,1.0,1.0
3, 0.73315, 1.0,1.0,1.0,1.0,1.0,1.0,1.0,1.0,1.0,1.0
4, 0.7370833333333333, 1.0,1.0,1.0,1.0,1.0,1.0,1.0,1.0,1.0,1.0
5, 0.7366, 1.0,1.0,1.0,1.0,1.0,1.0,1.0,1.0,1.0,1.0
6, 0.7383333333333333, 1.0,1.0,1.0,1.0,1.0,1.0,1.0,1.0,1.0,1.0
7, 0.7387833333333333, 1.0,1.0,1.0,1.0,1.0,1.0,1.0,1.0,1.0,1.0
8, 0.7396666666666667, 1.0,1.0,1.0,1.0,1.0,1.0,1.0,1.0,1.0,1.0
9, 0.7400166666666667, 1.0,1.0,1.0,1.0,1.0,1.0,1.0,1.0,1.0,1.0
10, 0.7409166666666667, 1.0,1.0,1.0,1.0,1.0,1.0,1.0,1.0,1.0,1.0
11, 0.7415833333333334, 1.0,1.0,1.0,1.0,1.0,1.0,1.0,1.0,1.0,1.0
12, 0.74415, 1.0,1.0,1.0,1.0,1.0,1.0,1.0,1.0,1.0,1.0
13, 0.74085, 1.0,1.0,1.0,1.0,1.0,1.0,1.0,1.0,1.0,1.0
14, 0.7439, 1.0,1.0,1.0,1.0,1.0,1.0,1.0,1.0,1.0,1.0
15, 0.7446333333333334, 1.0,1.0,1.0,1.0,1.0,1.0,1.0,1.0,1.0,1.0
16, 0.7442666666666666, 1.0,1.0,1.0,1.0,1.0,1.0,1.0,1.0,1.0,1.0
17, 0.7439833333333333, 1.0,1.0,1.0,1.0,1.0,1.0,1.0,1.0,1.0,1.0
18, 0.7459333333333333, 1.0,1.0,1.0,1.0,1.0,1.0,1.0,1.0,1.0,1.0
19, 0.745, 1.0,1.0,1.0,1.0,1.0,1.0,1.0,1.0,1.0,1.0
20, 0.74405, 1.0,1.0,1.0,1.0,1.0,1.0,1.0,1.0,1.0,1.0
21, 0.7458333333333333, 1.0,1.0,1.0,1.0,1.0,1.0,1.0,1.0,1.0,1.0
22, 0.7453833333333333, 1.0,1.0,1.0,1.0,1.0,1.0,1.0,1.0,1.0,1.0
23, 0.7448833333333333, 1.0,1.0,1.0,1.0,1.0,1.0,1.0,1.0,1.0,1.0
24, 0.74215, 1.0,1.0,1.0,1.0,1.0,1.0,1.0,1.0,1.0,1.0
25, 0.7440166666666667, 1.0,1.0,1.0,1.0,1.0,1.0,1.0,1.0,1.0,1.0
26, 0.7459333333333333, 1.0,1.0,1.0,1.0,1.0,1.0,1.0,1.0,1.0,1.0
27, 0.74685, 1.0,1.0,1.0,1.0,1.0,1.0,1.0,1.0,1.0,1.0
28, 0.7443166666666666, 1.0,1.0,1.0,1.0,1.0,1.0,1.0,1.0,1.0,1.0
29, 0.74575, 1.0,1.0,1.0,1.0,1.0,1.0,1.0,1.0,1.0,1.0
30, 0.7453166666666666, 1.0,1.0,1.0,1.0,1.0,1.0,1.0,1.0,1.0,1.0
31, 0.7472333333333333, 1.0,1.0,1.0,1.0,1.0,1.0,1.0,1.0,1.0,1.0
32, 0.7455, 1.0,1.0,1.0,1.0,1.0,1.0,1.0,1.0,1.0,1.0
33, 0.7444333333333333, 1.0,1.0,1.0,1.0,1.0,1.0,1.0,1.0,1.0,1.0
34, 0.7450166666666667, 1.0,1.0,1.0,1.0,1.0,1.0,1.0,1.0,1.0,1.0
35, 0.7450833333333333, 1.0,1.0,1.0,1.0,1.0,1.0,1.0,1.0,1.0,1.0
36, 0.74705, 1.0,1.0,1.0,1.0,1.0,1.0,1.0,1.0,1.0,1.0
37, 0.7480166666666667, 1.0,1.0,1.0,1.0,1.0,1.0,1.0,1.0,1.0,1.0
38, 0.7461, 1.0,1.0,1.0,1.0,1.0,1.0,1.0,1.0,1.0,1.0
39, 0.7474, 1.0,1.0,1.0,1.0,1.0,1.0,1.0,1.0,1.0,1.0
40, 0.7447166666666667, 1.0,1.0,1.0,1.0,1.0,1.0,1.0,1.0,1.0,1.0
41, 0.7445833333333334, 1.0,1.0,1.0,1.0,1.0,1.0,1.0,1.0,1.0,1.0
42, 0.7482666666666666, 1.0,1.0,1.0,1.0,1.0,1.0,1.0,1.0,1.0,1.0
43, 0.7468166666666667, 1.0,1.0,1.0,1.0,1.0,1.0,1.0,1.0,1.0,1.0
44, 0.7453833333333333, 1.0,1.0,1.0,1.0,1.0,1.0,1.0,1.0,1.0,1.0
45, 0.7454833333333334, 1.0,1.0,1.0,1.0,1.0,1.0,1.0,1.0,1.0,1.0
46, 0.7489833333333333, 1.0,1.0,1.0,1.0,1.0,1.0,1.0,1.0,1.0,1.0
47, 0.74675, 1.0,1.0,1.0,1.0,1.0,1.0,1.0,1.0,1.0,1.0
48, 0.7482, 1.0,1.0,1.0,1.0,1.0,1.0,1.0,1.0,1.0,1.0
49, 0.74605, 1.0,1.0,1.0,1.0,1.0,1.0,1.0,1.0,1.0,1.0
Test information

accuracy, prec. label 0,prec. label 1,prec. label 2,prec. label 3,prec. label 4,prec. label 5,prec. label 6,prec. label 7,prec. label 8,prec. label 9
ERROR NUMBER
2802
SIZE
10000
0.7198, 1.0,1.0,1.0,1.0,1.0,1.0,1.0,1.0,1.0,1.0
