Training information

epoch, accuracy, prec. label 0,prec. label 1,prec. label 2,prec. label 3,prec. label 4,prec. label 5,prec. label 6,prec. label 7,prec. label 8,prec. label 9
0, 0.6934166666666667, 1.0,1.0,1.0,1.0,1.0,1.0,1.0,1.0,1.0,1.0
1, 0.7269333333333333, 1.0,1.0,1.0,1.0,1.0,1.0,1.0,1.0,1.0,1.0
2, 0.73115, 1.0,1.0,1.0,1.0,1.0,1.0,1.0,1.0,1.0,1.0
3, 0.7341166666666666, 1.0,1.0,1.0,1.0,1.0,1.0,1.0,1.0,1.0,1.0
4, 0.73755, 1.0,1.0,1.0,1.0,1.0,1.0,1.0,1.0,1.0,1.0
5, 0.7395333333333334, 1.0,1.0,1.0,1.0,1.0,1.0,1.0,1.0,1.0,1.0
6, 0.7387166666666667, 1.0,1.0,1.0,1.0,1.0,1.0,1.0,1.0,1.0,1.0
7, 0.7407333333333334, 1.0,1.0,1.0,1.0,1.0,1.0,1.0,1.0,1.0,1.0
8, 0.7413166666666666, 1.0,1.0,1.0,1.0,1.0,1.0,1.0,1.0,1.0,1.0
9, 0.7434333333333333, 1.0,1.0,1.0,1.0,1.0,1.0,1.0,1.0,1.0,1.0
10, 0.7423833333333333, 1.0,1.0,1.0,1.0,1.0,1.0,1.0,1.0,1.0,1.0
11, 0.74245, 1.0,1.0,1.0,1.0,1.0,1.0,1.0,1.0,1.0,1.0
12, 0.7432833333333333, 1.0,1.0,1.0,1.0,1.0,1.0,1.0,1.0,1.0,1.0
13, 0.7444, 1.0,1.0,1.0,1.0,1.0,1.0,1.0,1.0,1.0,1.0
14, 0.7425833333333334, 1.0,1.0,1.0,1.0,1.0,1.0,1.0,1.0,1.0,1.0
15, 0.7408333333333333, 1.0,1.0,1.0,1.0,1.0,1.0,1.0,1.0,1.0,1.0
16, 0.74475, 1.0,1.0,1.0,1.0,1.0,1.0,1.0,1.0,1.0,1.0
17, 0.7424, 1.0,1.0,1.0,1.0,1.0,1.0,1.0,1.0,1.0,1.0
18, 0.7435333333333334, 1.0,1.0,1.0,1.0,1.0,1.0,1.0,1.0,1.0,1.0
19, 0.7437, 1.0,1.0,1.0,1.0,1.0,1.0,1.0,1.0,1.0,1.0
20, 0.7435, 1.0,1.0,1.0,1.0,1.0,1.0,1.0,1.0,1.0,1.0
21, 0.74565, 1.0,1.0,1.0,1.0,1.0,1.0,1.0,1.0,1.0,1.0
22, 0.74455, 1.0,1.0,1.0,1.0,1.0,1.0,1.0,1.0,1.0,1.0
23, 0.74425, 1.0,1.0,1.0,1.0,1.0,1.0,1.0,1.0,1.0,1.0
24, 0.7432, 1.0,1.0,1.0,1.0,1.0,1.0,1.0,1.0,1.0,1.0
25, 0.7443, 1.0,1.0,1.0,1.0,1.0,1.0,1.0,1.0,1.0,1.0
26, 0.7473166666666666, 1.0,1.0,1.0,1.0,1.0,1.0,1.0,1.0,1.0,1.0
27, 0.7453, 1.0,1.0,1.0,1.0,1.0,1.0,1.0,1.0,1.0,1.0
28, 0.7455166666666667, 1.0,1.0,1.0,1.0,1.0,1.0,1.0,1.0,1.0,1.0
29, 0.7441, 1.0,1.0,1.0,1.0,1.0,1.0,1.0,1.0,1.0,1.0
30, 0.7457666666666667, 1.0,1.0,1.0,1.0,1.0,1.0,1.0,1.0,1.0,1.0
31, 0.7452166666666666, 1.0,1.0,1.0,1.0,1.0,1.0,1.0,1.0,1.0,1.0
32, 0.7451166666666666, 1.0,1.0,1.0,1.0,1.0,1.0,1.0,1.0,1.0,1.0
33, 0.7464, 1.0,1.0,1.0,1.0,1.0,1.0,1.0,1.0,1.0,1.0
34, 0.7450833333333333, 1.0,1.0,1.0,1.0,1.0,1.0,1.0,1.0,1.0,1.0
35, 0.74595, 1.0,1.0,1.0,1.0,1.0,1.0,1.0,1.0,1.0,1.0
36, 0.7468666666666667, 1.0,1.0,1.0,1.0,1.0,1.0,1.0,1.0,1.0,1.0
37, 0.7462166666666666, 1.0,1.0,1.0,1.0,1.0,1.0,1.0,1.0,1.0,1.0
38, 0.7468666666666667, 1.0,1.0,1.0,1.0,1.0,1.0,1.0,1.0,1.0,1.0
39, 0.7444166666666666, 1.0,1.0,1.0,1.0,1.0,1.0,1.0,1.0,1.0,1.0
40, 0.7471666666666666, 1.0,1.0,1.0,1.0,1.0,1.0,1.0,1.0,1.0,1.0
41, 0.7455666666666667, 1.0,1.0,1.0,1.0,1.0,1.0,1.0,1.0,1.0,1.0
42, 0.74685, 1.0,1.0,1.0,1.0,1.0,1.0,1.0,1.0,1.0,1.0
43, 0.7455666666666667, 1.0,1.0,1.0,1.0,1.0,1.0,1.0,1.0,1.0,1.0
44, 0.7450666666666667, 1.0,1.0,1.0,1.0,1.0,1.0,1.0,1.0,1.0,1.0
45, 0.74595, 1.0,1.0,1.0,1.0,1.0,1.0,1.0,1.0,1.0,1.0
46, 0.7461833333333333, 1.0,1.0,1.0,1.0,1.0,1.0,1.0,1.0,1.0,1.0
47, 0.74455, 1.0,1.0,1.0,1.0,1.0,1.0,1.0,1.0,1.0,1.0
48, 0.7473666666666666, 1.0,1.0,1.0,1.0,1.0,1.0,1.0,1.0,1.0,1.0
49, 0.7461333333333333, 1.0,1.0,1.0,1.0,1.0,1.0,1.0,1.0,1.0,1.0
Test information

accuracy, prec. label 0,prec. label 1,prec. label 2,prec. label 3,prec. label 4,prec. label 5,prec. label 6,prec. label 7,prec. label 8,prec. label 9
ERROR NUMBER
2693
SIZE
10000
0.7307, 1.0,1.0,1.0,1.0,1.0,1.0,1.0,1.0,1.0,1.0
