Training information

epoch, accuracy, prec. label 0,prec. label 1,prec. label 2,prec. label 3,prec. label 4,prec. label 5,prec. label 6,prec. label 7,prec. label 8,prec. label 9
0, 0.69385, 1.0,1.0,1.0,1.0,1.0,1.0,1.0,1.0,1.0,1.0
1, 0.7243666666666667, 1.0,1.0,1.0,1.0,1.0,1.0,1.0,1.0,1.0,1.0
2, 0.7295666666666667, 1.0,1.0,1.0,1.0,1.0,1.0,1.0,1.0,1.0,1.0
3, 0.7348666666666667, 1.0,1.0,1.0,1.0,1.0,1.0,1.0,1.0,1.0,1.0
4, 0.7360166666666667, 1.0,1.0,1.0,1.0,1.0,1.0,1.0,1.0,1.0,1.0
5, 0.7379833333333333, 1.0,1.0,1.0,1.0,1.0,1.0,1.0,1.0,1.0,1.0
6, 0.7385666666666667, 1.0,1.0,1.0,1.0,1.0,1.0,1.0,1.0,1.0,1.0
7, 0.7396, 1.0,1.0,1.0,1.0,1.0,1.0,1.0,1.0,1.0,1.0
8, 0.7415666666666667, 1.0,1.0,1.0,1.0,1.0,1.0,1.0,1.0,1.0,1.0
9, 0.7383, 1.0,1.0,1.0,1.0,1.0,1.0,1.0,1.0,1.0,1.0
10, 0.7406833333333334, 1.0,1.0,1.0,1.0,1.0,1.0,1.0,1.0,1.0,1.0
11, 0.7423833333333333, 1.0,1.0,1.0,1.0,1.0,1.0,1.0,1.0,1.0,1.0
12, 0.74075, 1.0,1.0,1.0,1.0,1.0,1.0,1.0,1.0,1.0,1.0
13, 0.7432833333333333, 1.0,1.0,1.0,1.0,1.0,1.0,1.0,1.0,1.0,1.0
14, 0.7463333333333333, 1.0,1.0,1.0,1.0,1.0,1.0,1.0,1.0,1.0,1.0
15, 0.7413833333333333, 1.0,1.0,1.0,1.0,1.0,1.0,1.0,1.0,1.0,1.0
16, 0.7425833333333334, 1.0,1.0,1.0,1.0,1.0,1.0,1.0,1.0,1.0,1.0
17, 0.7456166666666667, 1.0,1.0,1.0,1.0,1.0,1.0,1.0,1.0,1.0,1.0
18, 0.7432166666666666, 1.0,1.0,1.0,1.0,1.0,1.0,1.0,1.0,1.0,1.0
19, 0.7442, 1.0,1.0,1.0,1.0,1.0,1.0,1.0,1.0,1.0,1.0
20, 0.74365, 1.0,1.0,1.0,1.0,1.0,1.0,1.0,1.0,1.0,1.0
21, 0.7448333333333333, 1.0,1.0,1.0,1.0,1.0,1.0,1.0,1.0,1.0,1.0
22, 0.7444166666666666, 1.0,1.0,1.0,1.0,1.0,1.0,1.0,1.0,1.0,1.0
23, 0.7475, 1.0,1.0,1.0,1.0,1.0,1.0,1.0,1.0,1.0,1.0
24, 0.7435833333333334, 1.0,1.0,1.0,1.0,1.0,1.0,1.0,1.0,1.0,1.0
25, 0.74285, 1.0,1.0,1.0,1.0,1.0,1.0,1.0,1.0,1.0,1.0
26, 0.74545, 1.0,1.0,1.0,1.0,1.0,1.0,1.0,1.0,1.0,1.0
27, 0.7435833333333334, 1.0,1.0,1.0,1.0,1.0,1.0,1.0,1.0,1.0,1.0
28, 0.7449, 1.0,1.0,1.0,1.0,1.0,1.0,1.0,1.0,1.0,1.0
29, 0.7465666666666667, 1.0,1.0,1.0,1.0,1.0,1.0,1.0,1.0,1.0,1.0
30, 0.7458, 1.0,1.0,1.0,1.0,1.0,1.0,1.0,1.0,1.0,1.0
31, 0.7422166666666666, 1.0,1.0,1.0,1.0,1.0,1.0,1.0,1.0,1.0,1.0
32, 0.7452166666666666, 1.0,1.0,1.0,1.0,1.0,1.0,1.0,1.0,1.0,1.0
33, 0.7453833333333333, 1.0,1.0,1.0,1.0,1.0,1.0,1.0,1.0,1.0,1.0
34, 0.7475833333333334, 1.0,1.0,1.0,1.0,1.0,1.0,1.0,1.0,1.0,1.0
35, 0.7452166666666666, 1.0,1.0,1.0,1.0,1.0,1.0,1.0,1.0,1.0,1.0
36, 0.7439166666666667, 1.0,1.0,1.0,1.0,1.0,1.0,1.0,1.0,1.0,1.0
37, 0.7463333333333333, 1.0,1.0,1.0,1.0,1.0,1.0,1.0,1.0,1.0,1.0
38, 0.7470166666666667, 1.0,1.0,1.0,1.0,1.0,1.0,1.0,1.0,1.0,1.0
39, 0.7455166666666667, 1.0,1.0,1.0,1.0,1.0,1.0,1.0,1.0,1.0,1.0
40, 0.74675, 1.0,1.0,1.0,1.0,1.0,1.0,1.0,1.0,1.0,1.0
41, 0.7476833333333334, 1.0,1.0,1.0,1.0,1.0,1.0,1.0,1.0,1.0,1.0
42, 0.7464666666666666, 1.0,1.0,1.0,1.0,1.0,1.0,1.0,1.0,1.0,1.0
43, 0.7461, 1.0,1.0,1.0,1.0,1.0,1.0,1.0,1.0,1.0,1.0
44, 0.74665, 1.0,1.0,1.0,1.0,1.0,1.0,1.0,1.0,1.0,1.0
45, 0.7478833333333333, 1.0,1.0,1.0,1.0,1.0,1.0,1.0,1.0,1.0,1.0
46, 0.7463333333333333, 1.0,1.0,1.0,1.0,1.0,1.0,1.0,1.0,1.0,1.0
47, 0.7455166666666667, 1.0,1.0,1.0,1.0,1.0,1.0,1.0,1.0,1.0,1.0
48, 0.7463333333333333, 1.0,1.0,1.0,1.0,1.0,1.0,1.0,1.0,1.0,1.0
49, 0.7471166666666667, 1.0,1.0,1.0,1.0,1.0,1.0,1.0,1.0,1.0,1.0
Test information

accuracy, prec. label 0,prec. label 1,prec. label 2,prec. label 3,prec. label 4,prec. label 5,prec. label 6,prec. label 7,prec. label 8,prec. label 9
ERROR NUMBER
2543
SIZE
10000
0.7457, 1.0,1.0,1.0,1.0,1.0,1.0,1.0,1.0,1.0,1.0
